float data0[61] ={ 9. ,14. ,20., 26., 33., 38., 42., 45., 46., 45., 42., 38., 33., 28., 22., 17., 12.,  8., 5.,  3.,  1.,  1.,  1.,  1.,  2.,  3.,
                       4.,  5.,  6.,  6.,  6.,  6. , 6.,  5. , 5. , 4.,3.,  3.,  2.,  1.,  1.,  0.,  0.,  0.,  0. , 0. ,
                       0. , 0. , 0. , 0. , 0. , 0. , 0. , 0.,0. , 0. , 0. , 0.,  0.,  0.,  0.};

float data1[61] ={225.0, 212.0, 498.0, 781.0, 653.0, 307.0, 298.0, 662.0, 835.0, 537.0, 204.0, 294.0, 600.0, 616.0, 308.0, 117.0,
 261.0, 453.0, 379.0, 148.0, 78.0, 214.0, 308.0, 211.0, 67.0, 62.0, 162.0, 196.0, 112.0, 32.0, 52.0, 117.0, 122.0, 60.0, 18.0, 41.0, 81.0, 76.0, 34.0, 13.0, 32.0, 56.0, 49.0, 21.0, 9.0,
 23.0, 39.0, 33.0, 15.0, 7.0, 16.0, 27.0, 24.0, 12.0, 6.0, 11.0, 18.0, 18.0, 10.0, 4.0, 7.0};

float data2[61] ={203.0, 321.0, 339.0, 235.0, 118.0, 119.0, 257.0, 407.0, 425.0, 292.0, 128.0, 73.0, 155.0, 276.0, 312.0, 230.0, 106.0, 40.0, 72.0, 149.0, 189.0, 155.0, 80.0, 26.0, 29.0, 71.0, 104.0, 98.0, 59.0, 21.0, 11.0, 30.0, 53.0, 59.0, 42.0, 19.0, 6.0, 11.0, 25.0,
 34.0, 30.0, 17.0, 6.0, 4.0, 10.0, 17.0, 19.0, 15.0, 7.0, 3.0, 3.0, 7.0, 11.0, 11.0, 7.0, 3.0, 1.0, 2.0, 5.0, 7.0, 6.0};


float data3[61] ={13.0, 20.0, 29.0, 39.0, 50.0, 60.0, 69.0, 76.0, 81.0, 84.0, 83.0, 80.0, 75.0, 68.0, 60.0, 52.0, 43.0, 35.0, 27.0, 20.0, 15.0, 10.0, 7.0, 5.0, 4.0, 3.0, 3.0, 4.0, 5.0, 6.0, 7.0, 8.0, 9.0, 9.0, 9.0, 9.0, 9.0, 8.0, 8.0, 7.0, 6.0, 5.0, 4.0,
 3.0, 3.0, 2.0, 1.0, 1.0, 0.0, 0.0, 0.0, 0.0, 0.0, 0.0, 0.0, 0.0, 0.0, 0.0, 0.0, 0.0, 0.0};

float data4[61] ={32.0, 21.0, 34.0, 78.0, 135.0, 174.0, 173.0, 132.0, 74.0, 30.0, 21.0, 47.0, 89.0, 120.0, 123.0, 98.0, 58.0, 23.0, 9.0, 16.0, 36.0, 55.0, 62.0, 54.0, 35.0, 16.0, 5.0, 4.0, 12.0, 21.0, 27.0, 27.0, 20.0, 11.0, 4.0, 1.0, 3.0, 7.0, 11.0, 12.0, 11.0, 8.0, 4.0,
 1.0, 0.0, 1.0, 3.0, 5.0, 5.0, 5.0, 3.0, 1.0, 0.0, 0.0, 0.0, 1.0, 2.0, 2.0, 2.0, 1.0, 1.0};

float data5[61] ={160.0, 523.0, 1421.0, 1592.0, 963.0, 1569.0, 3115.0, 2828.0, 1552.0, 2411.0, 3854.0, 2815.0, 1540.0, 2685.0, 3504.0, 2039.0, 1314.0, 2509.0, 2618.0, 1233.0, 1129.0, 2067.0, 1677.0, 687.0, 989.0, 1544.0, 958.0, 412.0, 840.0, 1045.0, 493.0, 301.0, 682.0, 652.0, 236.0, 255.0, 519.0, 378.0, 119.0, 227.0,
 367.0, 201.0, 75.0, 200.0, 247.0, 102.0, 62.0, 166.0, 159.0, 55.0, 60.0, 128.0, 97.0, 35.0, 59.0, 96.0, 62.0, 29.0, 53.0, 72.0, 47.0};

float data6[61] ={124.0, 126.0, 107.0, 80.0, 58.0, 58.0, 85.0, 133.0, 188.0, 233.0, 253.0, 242.0, 203.0, 149.0, 94.0, 53.0, 33.0, 35.0, 53.0, 78.0, 99.0, 110.0, 107.0, 92.0, 69.0, 44.0, 25.0, 13.0, 10.0, 14.0, 23.0, 31.0, 37.0, 38.0, 34.0, 27.0, 19.0, 11.0, 6.0, 3.0, 3.0, 6.0, 9.0, 11.0,
 13.0, 13.0, 11.0, 9.0, 6.0, 3.0, 2.0, 1.0, 1.0, 2.0, 3.0, 4.0, 4.0, 4.0, 4.0, 3.0, 2.0};

float data7[61] ={846.0, 1003.0, 586.0, 700.0, 1457.0, 1428.0, 668.0, 781.0, 1530.0, 1302.0, 518.0, 700.0, 1299.0, 965.0, 340.0, 575.0, 992.0, 645.0, 213.0, 452.0, 713.0, 407.0, 136.0, 347.0, 498.0, 254.0, 91.0, 259.0, 343.0, 160.0, 65.0, 193.0, 239.0, 105.0, 48.0, 142.0, 169.0, 73.0, 36.0, 104.0, 123.0, 55.0, 28.0,
 76.0, 92.0, 44.0, 22.0, 56.0, 72.0, 39.0, 18.0, 40.0, 56.0, 35.0, 15.0, 28.0, 44.0, 33.0, 15.0, 19.0, 34.0};

float data8[61] ={311.0, 540.0, 695.0, 684.0, 538.0, 416.0, 480.0, 755.0, 1089.0, 1260.0, 1148.0, 829.0, 515.0, 402.0, 529.0, 765.0, 914.0, 856.0, 625.0, 367.0, 228.0, 258.0, 388.0, 496.0, 492.0, 377.0, 225.0, 123.0, 115.0, 176.0, 243.0, 260.0, 213.0, 134.0, 70.0, 51.0, 75.0, 114.0, 134.0, 120.0, 83.0, 45.0, 26.0, 32.0,
 51.0, 67.0, 67.0, 52.0, 32.0, 17.0, 15.0, 23.0, 34.0, 38.0, 34.0, 24.0, 14.0, 9.0, 11.0, 17.0, 22.0};

float data9[61] ={302.0, 197.0, 450.0, 1290.0, 1812.0, 1317.0, 990.0, 2035.0, 3118.0, 2501.0, 1422.0, 2004.0, 3259.0, 2868.0, 1514.0, 1555.0, 2653.0, 2566.0, 1355.0, 1071.0, 1896.0, 2027.0, 1110.0, 687.0, 1235.0, 1478.0, 869.0, 438.0, 762.0, 1030.0, 662.0, 281.0, 446.0, 697.0, 504.0, 194.0, 249.0, 453.0, 375.0, 143.0,
 137.0, 292.0, 279.0, 113.0, 73.0, 183.0, 207.0, 96.0, 42.0, 111.0, 148.0, 80.0, 29.0, 68.0, 105.0, 68.0, 24.0, 42.0, 75.0, 58.0, 24.0};


